0 50 150 114 166 139 147 69 107 171 173 62 92 99 81 199 102 56 57 110 192 200 66 58 76 51 180 99 91 195 133 86 143 138 97 116 61 161 188 116 79 197 128 132 120 130 129 186 111 182 89 184 68 114 168 92 200 69 85 148 68 105 57 171 160 177 164 117 113 126 77 126 102 174 154 120 84 184 195 112 79 81 133 132 82 183 51 113 162 134 173 66 53 127 173 129 144 193 74 188 
50 0 178 186 185 155 163 166 78 100 109 94 71 183 190 171 157 90 194 82 124 132 90 75 176 93 151 75 157 194 105 79 170 140 80 89 183 81 144 171 74 139 160 78 180 116 121 190 150 158 186 60 89 126 149 72 189 126 54 74 162 168 191 181 169 137 123 81 162 78 181 91 100 100 93 134 191 54 188 63 72 156 135 130 58 135 94 119 73 110 55 147 200 196 164 177 191 174 122 93 
150 178 0 112 81 155 139 93 95 199 74 138 169 158 67 119 140 153 70 144 77 105 56 87 160 118 161 164 54 186 62 148 189 102 120 98 116 90 68 110 171 68 77 110 95 68 167 173 177 125 159 97 131 129 119 146 188 54 131 170 116 149 78 103 100 139 89 69 172 195 72 170 154 120 78 110 161 62 190 184 71 118 156 183 114 55 80 157 114 132 151 61 81 95 93 157 140 68 69 134 
114 186 112 0 198 125 198 162 193 108 121 73 89 90 138 68 172 166 185 68 183 183 50 150 74 175 83 169 68 56 120 148 153 114 131 164 189 167 71 57 180 174 198 96 81 191 193 106 77 109 81 71 154 69 196 200 198 113 161 141 188 66 124 123 164 85 106 180 197 161 126 51 58 151 179 188 176 198 50 142 103 197 176 125 78 115 102 168 106 104 143 113 141 70 140 114 59 158 127 61 
166 185 81 198 0 68 92 184 159 155 84 135 156 168 181 104 92 117 102 76 169 136 66 172 96 135 112 184 50 196 129 158 151 157 102 137 177 87 120 64 170 143 147 134 86 185 160 174 187 137 55 98 112 70 136 114 162 171 161 59 129 116 143 87 189 160 179 181 86 72 61 144 178 77 146 125 132 196 69 191 81 87 102 136 134 177 132 169 198 139 124 142 111 170 60 71 150 109 94 136 
139 155 155 125 68 0 79 112 63 194 99 108 167 148 81 89 104 115 188 180 83 155 199 85 191 140 127 71 68 107 198 103 82 70 131 125 106 123 133 134 171 138 142 179 142 123 62 53 58 89 154 164 154 196 170 122 166 155 52 155 89 174 100 127 55 141 182 104 52 152 137 157 78 158 198 162 134 156 109 160 104 195 188 136 82 172 195 199 86 75 132 178 92 148 141 195 104 119 80 79 
147 163 139 198 92 79 0 139 85 67 190 197 101 83 172 55 92 131 135 90 99 52 80 76 66 168 111 119 79 125 197 150 66 200 136 185 161 147 51 87 163 142 86 105 172 58 91 158 143 62 130 152 82 178 130 67 194 86 143 59 53 101 188 61 184 123 158 144 82 90 161 103 194 91 173 106 161 188 200 165 81 70 128 199 86 165 91 100 180 128 174 51 67 200 195 132 118 98 193 199 
69 166 93 162 184 112 139 0 134 176 134 186 58 97 82 180 193 59 195 120 164 122 83 52 160 196 151 115 121 135 157 196 173 171 163 83 186 168 148 114 53 115 154 71 150 152 189 177 161 187 73 199 70 111 96 71 138 74 95 140 133 181 58 62 112 62 170 200 115 184 76 175 121 145 134 175 80 103 128 62 177 86 158 168 187 84 108 58 159 114 160 160 149 53 114 113 160 123 177 51 
107 78 95 193 159 63 85 134 0 165 76 171 145 150 98 117 61 86 162 184 186 171 90 168 169 56 65 80 136 100 194 163 130 58 185 100 139 154 53 66 144 145 68 92 166 136 129 100 64 164 94 131 172 172 177 119 85 113 100 185 146 137 199 141 58 108 54 138 85 61 200 121 165 61 117 143 55 79 116 147 154 158 103 65 186 140 143 103 103 115 161 140 187 71 128 173 191 78 89 144 
171 100 199 108 155 194 67 176 165 0 198 151 142 64 118 80 96 70 73 198 122 109 75 143 123 102 69 147 146 200 150 151 178 131 181 112 181 138 79 171 87 155 124 101 111 199 124 182 88 107 61 74 181 111 96 183 193 187 76 182 190 190 95 59 154 162 70 102 55 89 175 171 152 112 55 159 123 83 158 174 137 96 124 194 83 139 96 110 61 102 69 91 129 63 73 67 128 146 96 81 
173 109 74 121 84 99 190 134 76 198 0 62 199 132 58 107 128 87 178 63 117 77 91 176 122 166 65 82 88 130 149 166 181 58 184 130 73 88 179 105 166 149 184 66 111 73 86 92 67 137 125 126 58 120 58 102 74 109 150 107 81 123 55 113 59 120 66 166 51 160 120 144 134 174 165 155 118 183 94 138 62 195 99 57 97 70 149 102 69 57 132 121 91 134 104 70 103 97 147 187 
62 94 138 73 135 108 197 186 171 151 62 0 168 102 126 137 154 188 128 113 65 111 70 164 69 153 157 187 199 127 102 135 135 194 131 137 68 136 157 137 196 87 178 63 123 187 93 128 99 149 68 79 139 136 78 165 199 65 76 91 71 126 156 139 167 63 98 125 161 93 107 179 67 172 101 57 185 115 144 150 51 78 107 90 177 141 115 121 185 135 123 150 197 74 74 127 190 192 196 159 
92 71 169 89 156 167 101 58 145 142 199 168 0 160 143 148 126 77 108 144 64 101 108 52 75 100 161 165 75 97 109 186 93 116 195 57 78 79 84 172 159 167 99 65 116 183 128 175 51 136 137 120 83 122 124 151 194 67 68 58 197 139 89 193 61 92 93 119 83 100 140 106 162 81 87 154 163 73 54 154 164 123 166 74 90 67 128 80 187 197 89 158 132 148 199 180 168 73 106 55 
99 183 158 90 168 148 83 97 150 64 132 102 160 0 163 185 69 173 139 199 89 178 116 147 77 140 149 53 168 135 102 148 154 163 154 185 77 164 132 163 171 53 76 138 111 146 175 172 170 198 50 131 160 86 105 73 150 182 182 133 79 182 169 50 77 91 168 125 157 75 188 161 179 169 169 146 124 92 124 174 57 137 51 132 181 92 50 144 162 130 182 111 166 163 101 76 119 76 129 168 
81 190 67 138 181 81 172 82 98 118 58 126 143 163 0 113 89 69 63 170 58 137 101 109 164 75 56 82 96 190 182 56 139 76 171 51 129 54 183 107 177 60 115 128 190 124 151 170 173 176 134 95 147 153 96 197 58 131 72 75 92 99 70 145 149 159 76 63 107 125 94 126 180 77 127 185 90 135 95 106 81 197 61 136 83 188 173 78 98 133 161 65 100 180 161 175 66 94 181 156 
199 171 119 68 104 89 55 180 117 80 107 137 148 185 113 0 85 181 103 147 143 58 146 111 158 71 75 82 76 194 149 105 112 88 190 164 199 147 86 84 148 112 86 184 134 71 192 132 196 83 75 199 111 188 80 129 87 70 161 175 94 185 80 165 196 168 129 66 108 90 144 188 52 147 173 51 143 194 57 69 134 109 78 155 50 58 116 109 115 128 66 79 60 79 198 173 67 55 94 125 
102 157 140 172 92 104 92 193 61 96 128 154 126 69 89 85 0 110 68 130 188 97 170 58 119 181 152 64 121 142 189 187 185 186 137 81 62 177 174 78 103 104 76 138 114 171 152 154 50 62 146 135 154 115 103 121 185 139 166 172 72 63 65 159 180 136 197 83 64 87 198 60 192 125 57 136 122 127 89 84 60 198 185 57 63 117 95 60 128 180 133 191 112 140 72 88 147 144 140 97 
56 90 153 166 117 115 131 59 86 70 87 188 77 173 69 181 110 0 77 181 89 71 57 146 174 81 126 64 99 122 164 158 70 117 123 195 60 97 103 73 151 71 79 145 87 177 190 160 159 126 136 198 52 146 54 183 127 140 132 148 132 171 144 123 104 116 78 120 112 191 134 171 101 106 85 134 132 53 118 73 115 51 87 186 158 195 197 123 78 59 126 140 63 154 187 112 175 188 55 199 
57 194 70 185 102 188 135 195 162 73 178 128 108 139 63 103 68 77 0 65 152 74 184 99 114 122 68 76 176 53 87 182 190 76 146 78 95 99 162 109 122 83 136 103 167 182 107 74 113 190 114 138 60 67 106 139 80 54 83 113 145 153 107 169 94 199 81 96 78 169 183 161 191 151 67 154 193 58 131 88 183 180 95 159 173 90 69 62 50 134 64 120 61 155 161 193 164 55 149 128 
110 82 144 68 76 180 90 120 184 198 63 113 144 199 170 147 130 181 65 0 82 93 127 155 157 129 190 188 122 110 162 84 50 142 129 198 145 148 122 190 134 54 56 188 79 57 92 136 171 97 105 157 71 149 52 81 178 161 86 135 152 163 142 135 96 178 115 96 158 111 159 126 54 139 111 191 152 117 199 55 146 174 200 106 115 196 85 156 60 144 57 168 185 117 75 174 159 133 194 180 
192 124 77 183 169 83 99 164 186 122 117 65 64 89 58 143 188 89 152 82 0 102 51 195 137 57 184 56 64 189 149 81 152 104 90 140 147 183 181 58 156 194 67 110 107 173 84 160 111 120 134 92 190 100 196 183 106 185 131 142 128 153 139 171 93 156 96 58 128 73 185 93 96 115 74 183 115 148 125 167 81 125 179 88 192 84 93 150 151 164 60 188 86 74 102 62 72 59 159 96 
200 132 105 183 136 155 52 122 171 109 77 111 101 178 137 58 97 71 74 93 102 0 88 71 196 105 162 160 155 124 152 78 175 138 79 63 167 177 164 55 107 63 154 75 182 87 78 89 103 130 128 72 81 130 67 117 170 81 141 133 110 140 106 92 172 102 184 173 106 149 169 159 106 144 125 191 74 147 96 183 86 195 95 81 148 180 82 127 59 138 191 125 161 67 64 133 66 52 92 148 
66 90 56 50 66 199 80 83 90 75 91 70 108 116 101 146 170 57 184 127 51 88 0 71 73 141 141 154 170 114 73 157 98 72 143 58 60 127 103 122 80 108 130 135 185 161 61 168 92 152 72 73 77 184 160 174 75 182 180 118 59 183 180 185 101 77 101 145 55 87 196 85 142 110 102 148 192 156 94 161 73 61 153 166 135 107 79 120 154 96 170 195 89 120 110 82 140 58 130 71 
58 75 87 150 172 85 76 52 168 143 176 164 52 147 109 111 58 146 99 155 195 71 71 0 177 63 177 161 190 106 54 106 157 120 151 116 70 149 183 140 127 108 140 125 167 149 167 69 147 151 134 61 110 178 147 168 71 70 74 97 193 144 72 73 103 189 102 139 129 102 164 106 117 154 136 167 92 157 200 146 195 188 147 173 60 130 155 189 132 200 135 59 170 166 100 195 171 73 104 97 
76 176 160 74 96 191 66 160 169 123 122 69 75 77 164 158 119 174 114 157 137 196 73 177 0 63 65 77 119 164 184 194 60 169 64 180 103 121 88 95 92 146 53 76 77 74 113 136 52 74 190 106 102 90 159 154 54 64 188 136 150 148 113 153 132 130 72 138 137 181 65 63 117 73 171 98 77 120 162 119 132 108 193 114 69 98 193 125 150 68 61 130 108 86 184 141 132 57 91 170 
51 93 118 175 135 140 168 196 56 102 166 153 100 140 75 71 181 81 122 129 57 105 141 63 63 0 158 139 143 127 119 124 80 188 55 145 144 162 84 84 97 126 82 123 160 86 135 200 56 179 108 158 175 81 166 100 187 184 60 173 81 193 113 182 91 85 107 164 169 174 161 191 141 121 147 134 113 123 63 71 57 127 139 140 188 177 132 78 183 168 141 155 58 89 72 94 194 63 159 107 
180 151 161 83 112 127 111 151 65 69 65 157 161 149 56 75 152 126 68 190 184 162 141 177 65 158 0 55 92 136 72 111 159 147 114 80 148 188 103 185 155 145 180 163 171 167 156 80 171 55 116 53 143 194 146 96 75 66 173 177 197 116 194 140 141 131 168 65 60 103 137 114 132 133 109 125 82 155 79 174 61 196 52 143 120 145 198 143 173 105 70 129 160 59 85 181 170 84 63 184 
99 75 164 169 184 71 119 115 80 147 82 187 165 53 82 82 64 64 76 188 56 160 154 161 77 139 55 0 88 66 112 198 85 145 168 178 150 110 101 69 72 131 53 84 51 144 138 193 155 147 164 118 149 142 145 172 60 82 162 153 99 158 72 75 81 169 178 97 82 138 186 106 101 146 168 54 189 63 169 168 54 133 177 82 188 88 166 87 186 97 123 156 89 101 87 93 79 155 182 133 
91 157 54 68 50 68 79 121 136 146 88 199 75 168 96 76 121 99 176 122 64 155 170 190 119 143 92 88 0 140 104 140 65 165 116 68 87 50 147 101 156 199 198 199 68 80 98 106 166 199 57 76 70 185 167 104 132 147 84 149 148 116 164 191 134 98 137 125 98 63 143 150 129 109 158 144 126 67 122 73 88 103 108 73 60 54 72 120 151 184 77 67 118 125 103 120 97 85 197 178 
195 194 186 56 196 107 125 135 100 200 130 127 97 135 190 194 142 122 53 110 189 124 114 106 164 127 136 66 140 0 78 143 131 160 122 145 193 70 78 127 118 110 133 126 181 196 92 105 74 169 99 191 64 118 163 100 132 190 129 98 114 104 160 57 176 187 84 127 100 159 70 53 130 198 161 97 82 177 167 78 59 96 68 100 111 163 169 141 189 60 104 147 134 194 75 165 189 158 144 200 
133 105 62 120 129 198 197 157 194 150 149 102 109 102 182 149 189 164 87 162 149 152 73 54 184 119 72 112 104 78 0 147 59 51 139 169 125 100 138 197 87 100 141 191 84 185 101 118 125 120 181 124 177 80 176 159 181 66 50 148 72 79 131 136 154 166 186 146 88 157 183 162 150 156 85 128 178 149 95 150 164 178 85 199 200 115 156 66 147 107 149 191 133 75 179 138 188 79 123 158 
86 79 148 148 158 103 150 196 163 151 166 135 186 148 56 105 187 158 182 84 81 78 157 106 194 124 111 198 140 143 147 0 134 103 113 185 138 69 129 54 126 183 157 100 146 198 119 171 58 181 156 182 166 113 171 54 142 74 82 77 137 182 197 103 72 196 81 89 191 121 62 153 51 179 159 173 149 165 195 199 132 139 123 95 115 117 54 119 141 59 178 151 153 80 132 128 173 182 59 92 
143 170 189 153 151 82 66 173 130 178 181 135 93 154 139 112 185 70 190 50 152 175 98 157 60 80 159 85 65 131 59 134 0 160 56 67 154 167 58 108 199 53 119 157 186 72 176 82 147 85 73 160 167 80 87 152 175 200 79 96 66 125 54 88 105 132 57 197 181 60 200 184 89 170 100 112 71 119 62 133 94 190 89 190 147 91 200 99 61 112 191 119 143 112 142 94 154 72 74 130 
138 140 102 114 157 70 200 171 58 131 58 194 116 163 76 88 186 117 76 142 104 138 72 120 169 188 147 145 165 160 51 103 160 0 114 121 129 143 167 184 131 109 58 154 70 155 176 192 58 50 55 54 123 196 167 58 164 135 181 64 108 68 68 54 171 123 55 78 107 91 186 120 175 200 157 200 177 151 98 55 142 129 71 62 124 154 142 117 137 159 152 108 56 141 72 178 102 132 160 91 
97 80 120 131 102 131 136 163 185 181 184 131 195 154 171 190 137 123 146 129 90 79 143 151 64 55 114 168 116 122 139 113 56 114 0 193 141 69 95 148 126 60 176 145 145 166 148 104 88 184 118 161 52 145 166 155 96 176 103 57 108 96 58 95 71 97 118 128 102 81 95 125 131 115 177 139 133 125 90 84 89 120 59 130 91 168 132 194 121 70 86 170 101 88 119 152 88 50 76 102 
116 89 98 164 137 125 185 83 100 112 130 137 57 185 51 164 81 195 78 198 140 63 58 116 180 145 80 178 68 145 169 185 67 121 193 0 102 52 92 71 76 162 110 63 83 109 59 51 85 175 178 69 56 170 69 51 138 88 63 66 74 149 165 85 86 74 195 82 137 111 83 54 182 169 148 193 74 164 178 150 180 89 82 86 99 58 135 63 99 129 120 157 174 131 115 160 81 99 77 53 
61 183 116 189 177 106 161 186 139 181 73 68 78 77 129 199 62 60 95 145 147 167 60 70 103 144 148 150 87 193 125 138 154 129 141 102 0 57 79 150 158 161 152 92 195 117 149 69 61 200 58 142 60 197 95 171 159 96 73 64 52 101 167 69 130 125 65 130 184 99 72 156 187 105 86 53 83 85 186 165 84 101 104 128 174 120 164 158 175 141 96 115 80 78 134 134 197 100 98 121 
161 81 90 167 87 123 147 168 154 138 88 136 79 164 54 147 177 97 99 148 183 177 127 149 121 162 188 110 50 70 100 69 167 143 69 52 57 0 73 134 182 95 70 185 57 97 117 67 159 153 173 124 193 63 68 108 121 134 176 85 55 135 77 124 67 173 65 129 175 63 109 199 162 197 182 199 74 179 140 75 171 154 105 109 102 60 133 145 67 67 153 139 171 63 71 109 121 129 197 171 
188 144 68 71 120 133 51 148 53 79 179 157 84 132 183 86 174 103 162 122 181 164 103 183 88 84 103 101 147 78 138 129 58 167 95 92 79 73 0 166 76 87 187 113 149 136 98 59 162 70 182 113 51 130 69 153 142 100 75 168 170 171 117 186 179 121 117 70 118 140 82 120 121 81 184 177 57 197 60 50 54 158 105 75 101 71 119 52 105 187 142 105 182 51 148 199 57 78 158 188 
116 171 110 57 64 134 87 114 66 171 105 137 172 163 107 84 78 73 109 190 58 55 122 140 95 84 185 69 101 127 197 54 108 184 148 71 150 134 166 0 106 176 54 125 71 134 138 56 122 64 118 190 146 65 92 142 182 73 155 65 122 149 113 199 140 79 52 61 118 56 182 121 193 130 184 114 127 113 188 149 73 63 106 138 111 65 73 126 57 121 174 193 126 156 171 97 138 176 119 186 
79 74 171 180 170 171 163 53 144 87 166 196 159 171 177 148 103 151 122 134 156 107 80 127 92 97 155 72 156 118 87 126 199 131 126 76 158 182 76 106 0 111 189 147 80 180 117 95 84 79 85 53 136 98 146 60 152 148 101 75 152 66 149 99 125 186 163 60 92 93 189 136 138 192 153 65 120 176 77 106 163 109 106 156 52 52 177 199 116 126 91 187 179 168 87 58 143 154 199 146 
197 139 68 174 143 138 142 115 145 155 149 87 167 53 60 112 104 71 83 54 194 63 108 108 146 126 145 131 199 110 100 183 53 109 60 162 161 95 87 176 111 0 153 76 142 140 117 153 112 159 155 181 165 145 57 168 199 161 119 92 163 74 60 132 199 75 118 85 121 100 75 175 66 53 95 161 129 57 184 199 103 144 65 167 130 168 116 52 79 160 115 147 161 80 111 134 128 67 81 61 
128 160 77 198 147 142 86 154 68 124 184 178 99 76 115 86 76 79 136 56 67 154 130 140 53 82 180 53 198 133 141 157 119 58 176 110 152 70 187 54 189 153 0 90 148 186 147 134 106 51 108 96 123 90 126 129 71 120 58 106 152 123 140 169 153 162 93 189 83 125 60 169 171 73 62 158 147 118 105 193 107 83 164 70 193 174 93 92 89 109 151 198 60 200 85 108 80 155 102 131 
132 78 110 96 134 179 105 71 92 101 66 63 65 138 128 184 138 145 103 188 110 75 135 125 76 123 163 84 199 126 191 100 157 154 145 63 92 185 113 125 147 76 90 0 158 156 95 131 183 138 177 61 100 141 196 112 74 136 148 188 97 83 86 86 185 92 127 75 188 152 126 128 66 86 65 152 197 113 93 182 119 97 72 177 182 165 80 153 86 144 95 154 64 133 94 178 172 61 142 123 
120 180 95 81 86 142 172 150 166 111 111 123 116 111 190 134 114 87 167 79 107 182 185 167 77 160 171 51 68 181 84 146 186 70 145 83 195 57 149 71 80 142 148 158 0 68 192 121 112 138 165 64 106 62 156 91 154 191 182 72 57 172 149 160 130 120 80 58 170 64 54 167 110 174 98 174 88 184 117 52 162 61 76 80 187 53 142 113 188 86 84 144 84 194 143 106 132 177 186 154 
130 116 68 191 185 123 58 152 136 199 73 187 183 146 124 71 171 177 182 57 173 87 161 149 74 86 167 144 80 196 185 198 72 155 166 109 117 97 136 134 180 140 186 156 68 0 194 125 179 158 85 75 71 171 91 151 137 122 95 105 129 51 125 95 85 160 172 167 100 142 194 103 94 174 148 83 144 127 54 131 97 64 178 66 193 92 125 179 88 119 118 65 146 196 133 76 145 94 109 132 
129 121 167 193 160 62 91 189 129 124 86 93 128 175 151 192 152 190 107 92 84 78 61 167 113 135 156 138 98 92 101 119 176 176 148 59 149 117 98 138 117 117 147 95 192 194 0 69 144 74 141 66 103 93 162 120 121 97 147 135 199 115 168 142 145 55 89 154 156 137 92 57 194 86 113 200 131 178 126 90 139 128 66 94 95 144 123 184 92 99 94 112 146 182 133 190 119 182 180 71 
186 190 173 106 174 53 158 177 100 182 92 128 175 172 170 132 154 160 74 136 160 89 168 69 136 200 80 193 106 105 118 171 82 192 104 51 69 67 59 56 95 153 134 131 121 125 69 0 125 57 84 58 174 118 78 87 111 108 51 143 141 88 74 129 195 117 85 191 98 72 85 94 103 81 65 198 191 195 128 155 141 184 91 130 200 108 164 52 75 114 72 114 177 88 179 141 100 135 94 164 
111 150 177 77 187 58 143 161 64 88 67 99 51 170 173 196 50 159 113 171 111 103 92 147 52 56 171 155 166 74 125 58 147 58 88 85 61 159 162 122 84 112 106 183 112 179 144 125 0 124 113 163 146 192 179 200 130 116 190 107 181 176 59 137 126 127 198 199 88 152 56 60 198 192 171 160 176 56 174 84 131 53 103 64 109 141 120 95 147 70 70 106 134 71 190 197 143 98 178 179 
182 158 125 109 137 89 62 187 164 107 137 149 136 198 176 83 62 126 190 97 120 130 152 151 74 179 55 147 199 169 120 181 85 50 184 175 200 153 70 64 79 159 51 138 138 158 74 57 124 0 159 117 171 100 65 135 88 129 93 148 62 123 84 127 76 59 52 119 55 145 119 163 149 179 177 134 76 107 68 53 158 62 62 136 184 178 185 116 180 53 115 132 121 87 96 98 88 94 140 176 
89 186 159 81 55 154 130 73 94 61 125 68 137 50 134 75 146 136 114 105 134 128 72 134 190 108 116 164 57 99 181 156 73 55 118 178 58 173 182 118 85 155 108 177 165 85 141 84 113 159 0 61 155 84 61 175 148 80 151 53 185 171 193 53 161 96 186 84 58 155 102 151 111 67 117 138 187 86 93 92 176 180 138 198 137 198 81 66 58 138 91 77 128 106 156 127 186 109 109 137 
184 60 97 71 98 164 152 199 131 74 126 79 120 131 95 199 135 198 138 157 92 72 73 61 106 158 53 118 76 191 124 182 160 54 161 69 142 124 113 190 53 181 96 61 64 75 66 58 163 117 61 0 193 119 186 106 161 84 109 172 194 90 168 197 133 181 57 58 132 91 191 70 123 73 56 137 136 109 52 112 142 80 160 172 103 182 58 147 50 67 150 186 182 126 76 129 90 83 70 107 
68 89 131 154 112 154 82 70 172 181 58 139 83 160 147 111 154 52 60 71 190 81 77 110 102 175 143 149 70 64 177 166 167 123 52 56 60 193 51 146 136 165 123 100 106 71 103 174 146 171 155 193 0 162 76 128 178 191 138 72 153 144 136 50 80 134 67 108 158 70 143 115 90 76 154 163 67 95 79 151 200 106 183 78 170 80 192 87 109 65 126 93 149 107 191 193 80 170 172 189 
114 126 129 69 70 196 178 111 172 111 120 136 122 86 153 188 115 146 67 149 100 130 184 178 90 81 194 142 185 118 80 113 80 196 145 170 197 63 130 65 98 145 90 141 62 171 93 118 192 100 84 119 162 0 134 102 146 61 193 197 92 189 69 173 56 151 131 100 105 126 147 83 67 57 78 159 98 105 165 91 186 91 132 71 139 72 113 79 51 164 99 149 143 171 199 50 153 176 74 189 
168 149 119 196 136 170 130 96 177 96 58 78 124 105 96 80 103 54 106 52 196 67 160 147 159 166 146 145 167 163 176 171 87 167 166 69 95 68 69 92 146 57 126 196 156 91 162 78 179 65 61 186 76 134 0 192 121 110 179 102 195 135 185 108 106 164 94 135 75 197 71 195 110 99 58 94 144 100 50 85 198 118 107 175 100 140 81 130 139 165 195 139 173 105 176 153 142 76 105 174 
92 72 146 200 114 122 67 71 119 183 102 165 151 73 197 129 121 183 139 81 183 117 174 168 154 100 96 172 104 100 159 54 152 58 155 51 171 108 153 142 60 168 129 112 91 151 120 87 200 135 175 106 128 102 192 0 190 87 111 177 81 113 56 118 104 110 60 196 186 198 118 186 185 112 166 86 67 181 113 75 176 97 133 68 62 134 79 147 127 119 95 138 67 135 87 196 180 115 134 135 
200 189 188 198 162 166 194 138 85 193 74 199 194 150 58 87 185 127 80 178 106 170 75 71 54 187 75 60 132 132 181 142 175 164 96 138 159 121 142 182 152 199 71 74 154 137 121 111 130 88 148 161 178 146 121 190 0 86 80 148 91 79 165 56 184 102 50 188 150 198 135 95 107 144 184 187 78 128 103 173 186 56 181 139 94 189 84 120 67 52 79 178 186 163 57 144 90 113 51 50 
69 126 54 113 171 155 86 74 113 187 109 65 67 182 131 70 139 140 54 161 185 81 182 70 64 184 66 82 147 190 66 74 200 135 176 88 96 134 100 73 148 161 120 136 191 122 97 108 116 129 80 84 191 61 110 87 86 0 68 150 54 188 98 178 137 106 133 114 123 119 125 150 187 80 152 187 197 178 58 171 173 81 179 76 186 165 78 103 112 90 145 88 187 87 72 96 63 193 153 168 
85 54 131 161 161 52 143 95 100 76 150 76 68 182 72 161 166 132 83 86 131 141 180 74 188 60 173 162 84 129 50 82 79 181 103 63 73 176 75 155 101 119 58 148 182 95 147 51 190 93 151 109 138 193 179 111 80 68 0 119 71 195 79 74 137 164 96 127 135 82 195 69 98 158 127 60 95 173 159 140 196 167 83 67 53 98 168 71 67 92 143 68 105 145 184 61 83 52 171 173 
148 74 170 141 59 155 59 140 185 182 107 91 58 133 75 175 172 148 113 135 142 133 118 97 136 173 177 153 149 98 148 77 96 64 57 66 64 85 168 65 75 92 106 188 72 105 135 143 107 148 53 172 72 197 102 177 148 150 119 0 189 166 132 151 156 190 82 85 77 193 109 108 195 118 120 66 121 106 65 68 71 121 64 139 90 82 101 70 147 159 160 131 99 78 111 101 114 197 118 104 
68 162 116 188 129 89 53 133 146 190 81 71 197 79 92 94 72 132 145 152 128 110 59 193 150 81 197 99 148 114 72 137 66 108 108 74 52 55 170 122 152 163 152 97 57 129 199 141 181 62 185 194 153 92 195 81 91 54 71 189 0 198 66 64 151 132 123 97 107 103 63 177 112 135 94 121 177 155 79 187 183 82 154 75 63 114 182 186 167 133 113 162 90 178 84 72 153 173 101 191 
105 168 149 66 116 174 101 181 137 190 123 126 139 182 99 185 63 171 153 163 153 140 183 144 148 193 116 158 116 104 79 182 125 68 96 149 101 135 171 149 66 74 123 83 172 51 115 88 176 123 171 90 144 189 135 113 79 188 195 166 198 0 193 81 72 107 72 136 101 136 107 125 127 165 124 170 87 57 165 185 106 112 121 75 151 129 116 200 153 160 91 100 99 148 151 110 50 180 167 126 
57 191 78 124 143 100 188 58 199 95 55 156 89 169 70 80 65 144 107 142 139 106 180 72 113 113 194 72 164 160 131 197 54 68 58 165 167 77 117 113 149 60 140 86 149 125 168 74 59 84 193 168 136 69 185 56 165 98 79 132 66 193 0 112 69 79 118 106 193 58 155 153 200 91 190 100 167 120 93 134 77 86 116 106 160 137 135 153 86 174 64 189 67 198 133 52 71 159 130 90 
171 181 103 123 87 127 61 62 141 59 113 139 193 50 145 165 159 123 169 135 171 92 185 73 153 182 140 75 191 57 136 103 88 54 95 85 69 124 186 199 99 132 169 86 160 95 142 129 137 127 53 197 50 173 108 118 56 178 74 151 64 81 112 0 164 75 122 190 110 155 79 150 181 76 74 117 147 189 154 108 86 59 67 69 96 143 197 138 159 200 133 166 179 155 163 156 134 172 106 124 
160 169 100 164 189 55 184 112 58 154 59 167 61 77 149 196 180 104 94 96 93 172 101 103 132 91 141 81 134 176 154 72 105 171 71 86 130 67 179 140 125 199 153 185 130 85 145 195 126 76 161 133 80 56 106 104 184 137 137 156 151 72 69 164 0 118 70 75 107 131 149 152 164 120 198 111 115 138 67 200 66 153 92 105 64 106 159 139 157 191 92 120 146 88 83 130 175 195 163 52 
177 137 139 85 160 141 123 62 108 162 120 63 92 91 159 168 136 116 199 178 156 102 77 189 130 85 131 169 98 187 166 196 132 123 97 74 125 173 121 79 186 75 162 92 120 160 55 117 127 59 96 181 134 151 164 110 102 106 164 190 132 107 79 75 118 0 148 96 107 156 56 154 121 81 66 146 115 183 118 169 70 145 117 77 200 188 109 91 114 95 68 70 75 73 120 88 127 167 131 104 
164 123 89 106 179 182 158 170 54 70 66 98 93 168 76 129 197 78 81 115 96 184 101 102 72 107 168 178 137 84 186 81 57 55 118 195 65 65 117 52 163 118 93 127 80 172 89 85 198 52 186 57 67 131 94 60 50 133 96 82 123 72 118 122 70 148 0 99 200 50 152 50 117 100 188 83 50 92 166 148 103 129 187 189 169 140 68 100 79 123 88 173 123 75 149 96 135 196 83 80 
117 81 69 180 181 104 144 200 138 102 166 125 119 125 63 66 83 120 96 96 58 173 145 139 138 164 65 97 125 127 146 89 197 78 128 82 130 129 70 61 60 85 189 75 58 167 154 191 199 119 84 58 108 100 135 196 188 114 127 85 97 136 106 190 75 96 99 0 90 132 114 114 93 73 146 55 151 71 125 93 108 197 144 74 60 176 82 152 105 63 129 114 187 86 128 196 186 155 60 126 
113 162 172 197 86 52 82 115 85 55 51 161 83 157 107 108 64 112 78 158 128 106 55 129 137 169 60 82 98 100 88 191 181 107 102 137 184 175 118 118 92 121 83 188 170 100 156 98 88 55 58 132 158 105 75 186 150 123 135 77 107 101 193 110 107 107 200 90 0 137 178 95 173 85 88 129 98 99 140 158 124 126 190 51 177 102 100 138 83 117 51 152 145 199 83 153 168 189 123 56 
126 78 195 161 72 152 90 184 61 89 160 93 100 75 125 90 87 191 169 111 73 149 87 102 181 174 103 138 63 159 157 121 60 91 81 111 99 63 140 56 93 100 125 152 64 142 137 72 152 145 155 91 70 126 197 198 198 119 82 193 103 136 58 155 131 156 50 132 137 0 175 53 56 189 160 110 156 108 74 67 132 108 56 172 71 160 59 112 196 65 115 158 138 188 56 112 85 113 110 191 
77 181 72 126 61 137 161 76 200 175 120 107 140 188 94 144 198 134 183 159 185 169 196 164 65 161 137 186 143 70 183 62 200 186 95 83 72 109 82 182 189 75 60 126 54 194 92 85 56 119 102 191 143 147 71 118 135 125 195 109 63 107 155 79 149 56 152 114 178 175 0 167 102 68 148 170 157 79 146 71 50 84 182 192 116 140 142 86 57 93 97 196 150 189 123 149 163 161 53 59 
126 91 170 51 144 157 103 175 121 171 144 179 106 161 126 188 60 171 161 126 93 159 85 106 63 191 114 106 150 53 162 153 184 120 125 54 156 199 120 121 136 175 169 128 167 103 57 94 60 163 151 70 115 83 195 186 95 150 69 108 177 125 153 150 152 154 50 114 95 53 167 0 129 137 121 194 125 73 194 157 142 131 134 104 149 117 68 140 66 90 174 153 50 146 178 157 165 73 191 175 
102 100 154 58 178 78 194 121 165 152 134 67 162 179 180 52 192 101 191 54 96 106 142 117 117 141 132 101 129 130 150 51 89 175 131 182 187 162 121 193 138 66 171 66 110 94 194 103 198 149 111 123 90 67 110 185 107 187 98 195 112 127 200 181 164 121 117 93 173 56 102 129 0 68 70 50 84 142 177 129 64 68 176 179 95 166 170 175 154 119 90 183 91 196 194 73 180 132 183 119 
174 100 120 151 77 158 91 145 61 112 174 172 81 169 77 147 125 106 151 139 115 144 110 154 73 121 133 146 109 198 156 179 170 200 115 169 105 197 81 130 192 53 73 86 174 174 86 81 192 179 67 73 76 57 99 112 144 80 158 118 135 165 91 76 120 81 100 73 85 189 68 137 68 0 146 135 108 50 194 70 98 142 112 90 114 53 109 179 131 116 63 145 100 129 76 122 95 139 115 114 
154 93 78 179 146 198 173 134 117 55 165 101 87 169 127 173 57 85 67 111 74 125 102 136 171 147 109 168 158 161 85 159 100 157 177 148 86 182 184 184 153 95 62 65 98 148 113 65 171 177 117 56 154 78 58 166 184 152 127 120 94 124 190 74 198 66 188 146 88 160 148 121 70 146 0 176 94 143 160 157 97 149 177 58 93 164 73 72 53 152 179 103 139 59 193 160 84 130 191 186 
120 134 110 188 125 162 106 175 143 159 155 57 154 146 185 51 136 134 154 191 183 191 148 167 98 134 125 54 144 97 128 173 112 200 139 193 53 199 177 114 65 161 158 152 174 83 200 198 160 134 138 137 163 159 94 86 187 187 60 66 121 170 100 117 111 146 83 55 129 110 170 194 50 135 176 0 61 122 79 56 81 76 82 59 79 94 79 186 166 187 50 159 142 132 138 169 159 53 54 71 
84 191 161 176 132 134 161 80 55 123 118 185 163 124 90 143 122 132 193 152 115 74 192 92 77 113 82 189 126 82 178 149 71 177 133 74 83 74 57 127 120 129 147 197 88 144 131 191 176 76 187 136 67 98 144 67 78 197 95 121 177 87 167 147 115 115 50 151 98 156 157 125 84 108 94 61 0 109 113 172 135 138 103 93 76 149 187 159 194 116 101 58 123 56 161 159 64 183 161 57 
184 54 62 198 196 156 188 103 79 83 183 115 73 92 135 194 127 53 58 117 148 147 156 157 120 123 155 63 67 177 149 165 119 151 125 164 85 179 197 113 176 57 118 113 184 127 178 195 56 107 86 109 95 105 100 181 128 178 173 106 155 57 120 189 138 183 92 71 99 108 79 73 142 50 143 122 109 0 108 69 197 83 127 185 144 55 105 117 159 121 62 191 80 199 194 106 152 76 131 88 
195 188 190 50 69 109 200 128 116 158 94 144 54 124 95 57 89 118 131 199 125 96 94 200 162 63 79 169 122 167 95 195 62 98 90 178 186 140 60 188 77 184 105 93 117 54 126 128 174 68 93 52 79 165 50 113 103 58 159 65 79 165 93 154 67 118 166 125 140 74 146 194 177 194 160 79 113 108 0 125 73 139 74 117 149 111 101 86 63 140 98 85 194 107 101 194 171 98 110 99 
112 63 184 142 191 160 165 62 147 174 138 150 154 174 106 69 84 73 88 55 167 183 161 146 119 71 174 168 73 78 150 199 133 55 84 150 165 75 50 149 106 199 193 182 52 131 90 155 84 53 92 112 151 91 85 75 173 171 140 68 187 185 134 108 200 169 148 93 158 67 71 157 129 70 157 56 172 69 125 0 168 124 77 51 158 162 143 112 52 64 73 156 50 116 172 82 147 166 139 71 
79 72 71 103 81 104 81 177 154 137 62 51 164 57 81 134 60 115 183 146 81 86 73 195 132 57 61 54 88 59 164 132 94 142 89 180 84 171 54 73 163 103 107 119 162 97 139 141 131 158 176 142 200 186 198 176 186 173 196 71 183 106 77 86 66 70 103 108 124 132 50 142 64 98 97 81 135 197 73 168 0 96 78 161 67 185 181 185 130 72 100 147 159 151 159 127 50 157 179 177 
81 156 118 197 87 195 70 86 158 96 195 78 123 137 197 109 198 51 180 174 125 195 61 188 108 127 196 133 103 96 178 139 190 129 120 89 101 154 158 63 109 144 83 97 61 64 128 184 53 62 180 80 106 91 118 97 56 81 167 121 82 112 86 59 153 145 129 197 126 108 84 131 68 142 149 76 138 83 139 124 96 0 194 154 143 191 160 153 100 114 72 56 83 160 198 86 51 89 188 186 
133 135 156 176 102 188 128 158 103 124 99 107 166 51 61 78 185 87 95 200 179 95 153 147 193 139 52 177 108 68 85 123 89 71 59 82 104 105 105 106 106 65 164 72 76 178 66 91 103 62 138 160 183 132 107 133 181 179 83 64 154 121 116 67 92 117 187 144 190 56 182 134 176 112 177 82 103 127 74 77 78 194 0 53 118 119 60 136 145 115 169 191 159 80 109 75 130 104 159 159 
132 130 183 125 136 136 199 168 65 194 57 90 74 132 136 155 57 186 159 106 88 81 166 173 114 140 143 82 73 100 199 95 190 62 130 86 128 109 75 138 156 167 70 177 80 66 94 130 64 136 198 172 78 71 175 68 139 76 67 139 75 75 106 69 105 77 189 74 51 172 192 104 179 90 58 59 93 185 117 51 161 154 53 0 123 106 86 116 82 52 161 116 123 171 102 132 98 123 154 188 
82 58 114 78 134 82 86 187 186 83 97 177 90 181 83 50 63 158 173 115 192 148 135 60 69 188 120 188 60 111 200 115 147 124 91 99 174 102 101 111 52 130 193 182 187 193 95 200 109 184 137 103 170 139 100 62 94 186 53 90 63 151 160 96 64 200 169 60 177 71 116 149 95 114 93 79 76 144 149 158 67 143 118 123 0 86 166 66 148 107 77 118 161 173 153 189 184 125 51 200 
183 135 55 115 177 172 165 84 140 139 70 141 67 92 188 58 117 195 90 196 84 180 107 130 98 177 145 88 54 163 115 117 91 154 168 58 120 60 71 65 52 168 174 165 53 92 144 108 141 178 198 182 80 72 140 134 189 165 98 82 114 129 137 143 106 188 140 176 102 160 140 117 166 53 164 94 149 55 111 162 185 191 119 106 86 0 52 146 88 193 110 195 59 145 184 113 164 50 192 139 
51 94 80 102 132 195 91 108 143 96 149 115 128 50 173 116 95 197 69 85 93 82 79 155 193 132 198 166 72 169 156 54 200 142 132 135 164 133 119 73 177 116 93 80 142 125 123 164 120 185 81 58 192 113 81 79 84 78 168 101 182 116 135 197 159 109 68 82 100 59 142 68 170 109 73 79 187 105 101 143 181 160 60 86 166 52 0 189 120 161 109 156 145 115 188 106 137 154 170 174 
113 119 157 168 169 199 100 58 103 110 102 121 80 144 78 109 60 123 62 156 150 127 120 189 125 78 143 87 120 141 66 119 99 117 194 63 158 145 52 126 199 52 92 153 113 179 184 52 95 116 66 147 87 79 130 147 120 103 71 70 186 200 153 138 139 91 100 152 138 112 86 140 175 179 72 186 159 117 86 112 185 153 136 116 66 146 189 0 84 110 152 120 169 113 103 81 103 118 112 143 
162 73 114 106 198 86 180 159 103 61 69 185 187 162 98 115 128 78 50 60 151 59 154 132 150 183 173 186 151 189 147 141 61 137 121 99 175 67 105 57 116 79 89 86 188 88 92 75 147 180 58 50 109 51 139 127 67 112 67 147 167 153 86 159 157 114 79 105 83 196 57 66 154 131 53 166 194 159 63 52 130 100 145 82 148 88 120 84 0 187 57 89 78 157 157 92 141 53 153 144 
134 110 132 104 139 75 128 114 115 102 57 135 197 130 133 128 180 59 134 144 164 138 96 200 68 168 105 97 184 60 107 59 112 159 70 129 141 67 187 121 126 160 109 144 86 119 99 114 70 53 138 67 65 164 165 119 52 90 92 159 133 160 174 200 191 95 123 63 117 65 93 90 119 116 152 187 116 121 140 64 72 114 115 52 107 193 161 110 187 0 138 59 144 108 90 130 156 102 55 64 
173 55 151 143 124 132 174 160 161 69 132 123 89 182 161 66 133 126 64 57 60 191 170 135 61 141 70 123 77 104 149 178 191 152 86 120 96 153 142 174 91 115 151 95 84 118 94 72 70 115 91 150 126 99 195 95 79 145 143 160 113 91 64 133 92 68 88 129 51 115 97 174 90 63 179 50 101 62 98 73 100 72 169 161 77 110 109 152 57 138 0 62 98 197 191 140 105 168 164 198 
66 147 61 113 142 178 51 160 140 91 121 150 158 111 65 79 191 140 120 168 188 125 195 59 130 155 129 156 67 147 191 151 119 108 170 157 115 139 105 193 187 147 198 154 144 65 112 114 106 132 77 186 93 149 139 138 178 88 68 131 162 100 189 166 120 70 173 114 152 158 196 153 183 145 103 159 58 191 85 156 147 56 191 116 118 195 156 120 89 59 62 0 55 183 175 130 148 126 137 192 
53 200 81 141 111 92 67 149 187 129 91 197 132 166 100 60 112 63 61 185 86 161 89 170 108 58 160 89 118 134 133 153 143 56 101 174 80 171 182 126 179 161 60 64 84 146 146 177 134 121 128 182 149 143 173 67 186 187 105 99 90 99 67 179 146 75 123 187 145 138 150 50 91 100 139 142 123 80 194 50 159 83 159 123 161 59 145 169 78 144 98 55 0 157 68 83 168 77 148 77 
127 196 95 70 170 148 200 53 71 63 134 74 148 163 180 79 140 154 155 117 74 67 120 166 86 89 59 101 125 194 75 80 112 141 88 131 78 63 51 156 168 80 200 133 194 196 182 88 71 87 106 126 107 171 105 135 163 87 145 78 178 148 198 155 88 73 75 86 199 188 189 146 196 129 59 132 56 199 107 116 151 160 80 171 173 145 115 113 157 108 197 183 157 0 199 157 142 117 195 118 
173 164 93 140 60 141 195 114 128 73 104 74 199 101 161 198 72 187 161 75 102 64 110 100 184 72 85 87 103 75 179 132 142 72 119 115 134 71 148 171 87 111 85 94 143 133 133 179 190 96 156 76 191 199 176 87 57 72 184 111 84 151 133 163 83 120 149 128 83 56 123 178 194 76 193 138 161 194 101 172 159 198 109 102 153 184 188 103 157 90 191 175 68 199 0 115 50 142 96 131 
129 177 157 114 71 195 132 113 173 67 70 127 180 76 175 173 88 112 193 174 62 133 82 195 141 94 181 93 120 165 138 128 94 178 152 160 134 109 199 97 58 134 108 178 106 76 190 141 197 98 127 129 193 50 153 196 144 96 61 101 72 110 52 156 130 88 96 196 153 112 149 157 73 122 160 169 159 106 194 82 127 86 75 132 189 113 106 81 92 130 140 130 83 157 115 0 119 117 55 124 
144 191 140 59 150 104 118 160 191 128 103 190 168 119 66 67 147 175 164 159 72 66 140 171 132 194 170 79 97 189 188 173 154 102 88 81 197 121 57 138 143 128 80 172 132 145 119 100 143 88 186 90 80 153 142 180 90 63 83 114 153 50 71 134 175 127 135 186 168 85 163 165 180 95 84 159 64 152 171 147 50 51 130 98 184 164 137 103 141 156 105 148 168 142 50 119 0 198 50 73 
193 174 68 158 109 119 98 123 78 146 97 192 73 76 94 55 144 188 55 133 59 52 58 73 57 63 84 155 85 158 79 182 72 132 50 99 100 129 78 176 154 67 155 61 177 94 182 135 98 94 109 83 170 176 76 115 113 193 52 197 173 180 159 172 195 167 196 155 189 113 161 73 132 139 130 53 183 76 98 166 157 89 104 123 125 50 154 118 53 102 168 126 77 117 142 117 198 0 185 171 
74 122 69 127 94 80 193 177 89 96 147 196 106 129 181 94 140 55 149 194 159 92 130 104 91 159 63 182 197 144 123 59 74 160 76 77 98 197 158 119 199 81 102 142 186 109 180 94 178 140 109 70 172 74 105 134 51 153 171 118 101 167 130 106 163 131 83 60 123 110 53 191 183 115 191 54 161 131 110 139 179 188 159 154 51 192 170 112 153 55 164 137 148 195 96 55 50 185 0 139 
188 93 134 61 136 79 199 51 144 81 187 159 55 168 156 125 97 199 128 180 96 148 71 97 170 107 184 133 178 200 158 92 130 91 102 53 121 171 188 186 146 61 131 123 154 132 71 164 179 176 137 107 189 189 174 135 50 168 173 104 191 126 90 124 52 104 80 126 56 191 59 175 119 114 186 71 57 88 99 71 177 186 159 188 200 139 174 143 144 64 198 192 77 118 131 124 73 171 139 0 
